C:\Python37\python.exe C:/Users/Meier/PycharmProjects/gan-for-event-detection/model/eval.py
10
tensor([0, 0, 0, 0, 0, 0, 0, 0, 0, 0, 0, 0, 0, 0, 0, 0, 0]) tensor([0, 6, 0, 0, 0, 0, 0, 0, 0, 0, 0, 0, 0, 0, 0, 0, 0])
C:\Python37\lib\site-packages\sklearn\metrics\classification.py:1145: UndefinedMetricWarning: Recall is ill-defined and being set to 0.0 in labels with no true samples.
tensor([0, 0, 0, 0, 0, 0, 0, 0, 0, 0, 0, 0, 0, 0, 0, 0, 0, 0, 0, 0, 0, 0, 0, 0]) tensor([0, 0, 0, 0, 0, 0, 0, 0, 0, 0, 0, 0, 0, 0, 0, 0, 5, 0, 0, 0, 0, 0, 0, 0])
  'recall', 'true', average, warn_for)
tensor([0, 0, 0, 0, 0, 0, 0, 0, 0, 0, 0]) tensor([1, 0, 0, 0, 0, 0, 2, 0, 0, 0, 0])
tensor([0, 0, 0, 0, 0]) tensor([0, 0, 0, 0, 0])
tensor([0, 0, 0, 0, 0, 0, 0, 0, 0, 0, 0, 0, 0, 0, 0, 0, 0, 0, 0, 0]) tensor([0, 0, 0, 0, 0, 0, 0, 0, 0, 0, 0, 0, 0, 0, 0, 0, 0, 0, 0, 0])
tensor([0, 0]) tensor([0, 0])
tensor([0, 0, 0]) tensor([0, 0, 0])
tensor([0, 0, 0, 0, 0, 0, 0, 0, 0]) tensor([0, 0, 0, 0, 0, 0, 0, 0, 0])
tensor([0, 0, 0, 0]) tensor([0, 0, 0, 0])
tensor([0, 0, 0, 0, 0, 0, 0, 0, 0, 0, 0, 0]) tensor([0, 0, 0, 0, 0, 0, 0, 0, 0, 0, 0, 0])
tensor([0, 0]) tensor([0, 0])
tensor([0, 0, 0, 0, 0, 0, 0, 0, 0, 0, 0, 0, 0, 0]) tensor([0, 0, 0, 0, 0, 0, 0, 0, 0, 0, 0, 0, 0, 0])
tensor([0, 0, 0, 0, 0, 0, 0, 0, 0, 0, 0, 0, 0, 0]) tensor([0, 0, 0, 0, 0, 0, 0, 0, 0, 0, 0, 0, 0, 0])
tensor([0, 0, 0, 0, 0, 0, 0, 0, 0]) tensor([0, 0, 3, 0, 0, 0, 0, 0, 0])
tensor([0, 0, 0, 0, 0]) tensor([0, 0, 0, 0, 0])
tensor([0, 0, 0]) tensor([0, 0, 0])
tensor([0, 0, 0, 0, 0]) tensor([0, 0, 0, 0, 0])
tensor([0, 0, 0, 0, 0, 0, 0, 0, 0, 0, 0]) tensor([0, 0, 0, 0, 0, 0, 0, 0, 0, 0, 0])
tensor([0, 0, 0, 0, 0, 0, 0, 0, 0, 0, 0, 0, 0, 0, 0]) tensor([4, 0, 0, 0, 0, 0, 0, 0, 0, 0, 0, 0, 0, 0, 0])
tensor([0, 0, 0, 0, 0, 0, 0, 0]) tensor([0, 0, 0, 0, 0, 0, 0, 0])
tensor([0, 0, 0, 0, 0, 0, 0, 0, 0, 0, 0]) tensor([0, 0, 0, 0, 0, 5, 0, 0, 0, 0, 0])
tensor([0, 0, 0, 0, 0]) tensor([0, 0, 0, 0, 0])
tensor([0, 0, 0, 0, 0, 0, 0, 0]) tensor([0, 0, 0, 0, 0, 3, 0, 4])
tensor([0, 0, 0, 0, 0, 0, 0]) tensor([0, 0, 0, 0, 0, 0, 0])
tensor([0, 0, 0, 0, 0, 0, 0, 0, 0, 0]) tensor([0, 0, 0, 0, 0, 0, 0, 0, 0, 0])
tensor([0, 0, 0, 0, 0, 0, 0, 0, 0, 0, 0, 0]) tensor([0, 0, 0, 0, 0, 0, 0, 0, 0, 0, 0, 0])
tensor([0, 0, 0, 0, 0]) tensor([0, 0, 0, 0, 0])
tensor([0, 0, 0, 0]) tensor([0, 0, 0, 0])
tensor([0, 0, 0, 0, 0, 0, 0]) tensor([0, 0, 0, 0, 0, 0, 0])
tensor([0, 0, 0, 0]) tensor([0, 0, 0, 0])
tensor([0, 0, 0, 0, 0, 0, 0, 0, 0, 0, 0, 0, 0, 0, 0]) tensor([0, 0, 0, 0, 0, 0, 0, 0, 0, 0, 0, 0, 0, 3, 0])
tensor([0, 0, 0, 0, 0, 0]) tensor([0, 0, 0, 0, 0, 0])
tensor([0, 0, 0, 0, 0, 0, 0, 0, 0, 0, 0, 0, 0, 0, 0, 0, 0, 0, 0, 0, 0, 0, 0, 0,
        0, 0, 0, 0, 0, 0]) tensor([3, 0, 0, 0, 0, 0, 0, 0, 0, 0, 0, 0, 3, 0, 0, 0, 0, 0, 0, 0, 0, 4, 0, 0,
        0, 0, 0, 0, 0, 0])
tensor([0, 0, 0, 0, 0, 0, 0, 0, 0, 0, 0, 0, 0, 0, 0, 0, 0, 0, 0, 0, 0, 0, 0, 0,
        0]) tensor([0, 0, 0, 0, 0, 0, 0, 0, 0, 0, 0, 0, 0, 0, 0, 0, 0, 0, 0, 0, 0, 0, 0, 0,
        0])
tensor([0, 0, 0, 0, 0, 0, 0, 0, 0, 0, 0, 0, 0, 0, 0, 0, 0, 0, 0, 0, 0, 0, 0, 0,
        0, 0, 0, 0, 0, 0, 0, 0, 0, 0, 0, 0, 0, 0, 0, 0, 0, 0, 0, 0, 0, 0, 0, 0]) tensor([0, 0, 0, 0, 0, 0, 0, 0, 0, 0, 0, 0, 0, 0, 0, 0, 0, 0, 5, 0, 0, 0, 0, 0,
        6, 0, 0, 0, 0, 0, 0, 0, 0, 0, 0, 0, 0, 0, 0, 0, 0, 0, 0, 0, 0, 0, 4, 0])
tensor([0, 0, 0, 0, 0, 0, 0, 0, 0, 0, 0, 0, 0, 0]) tensor([0, 0, 0, 0, 0, 0, 0, 0, 0, 0, 0, 0, 0, 0])
tensor([0, 0, 0]) tensor([0, 0, 0])
tensor([0, 0, 0, 0, 0, 0, 0, 0, 0, 0, 0, 0, 0, 0, 0, 0, 0, 0, 0, 0]) tensor([0, 0, 0, 0, 0, 0, 0, 0, 0, 0, 0, 0, 0, 0, 0, 0, 0, 0, 0, 0])
tensor([0, 0, 0, 0, 0, 0, 0, 0, 0, 0, 0, 0, 0, 0, 0, 0, 0, 0, 0]) tensor([0, 0, 0, 0, 0, 0, 0, 0, 0, 0, 0, 0, 0, 0, 0, 0, 0, 0, 0])
tensor([0, 0, 0, 0, 0, 0, 0, 0, 0, 0, 0, 0]) tensor([0, 0, 0, 0, 0, 0, 0, 0, 0, 0, 0, 0])
tensor([0, 0, 0, 0, 0, 0, 0, 0, 0, 0, 0, 0, 0, 0, 0, 0, 0, 0, 0, 0, 0, 0, 0, 0,
        0, 0, 0, 0, 0, 0, 0, 0, 0, 0, 0, 0, 0, 0, 0, 0]) tensor([0, 0, 0, 0, 0, 0, 0, 0, 0, 0, 0, 0, 0, 0, 0, 0, 0, 0, 0, 0, 0, 0, 0, 0,
        0, 0, 0, 0, 0, 0, 0, 0, 0, 0, 0, 0, 4, 0, 3, 0])
tensor([0, 0, 0, 0, 0, 0, 0, 0, 0, 0, 0, 0, 0, 0]) tensor([0, 0, 0, 0, 0, 0, 0, 0, 0, 0, 0, 5, 0, 0])
tensor([0, 0, 0, 0, 0, 0, 0, 0]) tensor([0, 0, 0, 0, 0, 0, 0, 0])
tensor([0, 0, 0, 0, 0, 0, 0, 0, 0, 0, 0, 0, 0, 0, 0, 0, 0, 0, 0, 0, 0, 0, 0]) tensor([0, 0, 0, 0, 0, 0, 0, 0, 0, 0, 0, 0, 0, 0, 0, 0, 0, 0, 0, 0, 0, 0, 0])
tensor([0, 0, 0, 0, 0, 0, 0, 0, 0, 0, 0, 0, 0, 0, 0, 0, 0, 0, 0, 0, 0, 0, 0, 0,
        0, 0, 0, 0, 0, 0, 0, 0, 0, 0, 0, 0, 0, 0, 0, 0, 0, 0, 0, 0, 0, 0]) tensor([0, 0, 0, 0, 0, 0, 0, 0, 0, 0, 0, 0, 0, 0, 0, 0, 0, 0, 0, 0, 0, 0, 0, 0,
        0, 0, 0, 0, 0, 0, 0, 0, 0, 0, 0, 0, 0, 0, 0, 0, 0, 0, 0, 0, 0, 0])
tensor([0, 0, 0, 0, 0, 0, 0, 0, 0, 0, 0, 0, 0, 0, 0, 0, 0, 0, 0, 0, 0, 0, 0, 0,
        0, 0, 0, 0, 0, 0, 0, 0, 0, 0, 0]) tensor([0, 0, 0, 0, 0, 0, 0, 0, 0, 0, 0, 0, 0, 0, 0, 0, 0, 0, 0, 0, 0, 0, 0, 0,
        0, 0, 0, 0, 0, 0, 0, 0, 0, 0, 0])
tensor([0, 0, 0, 0, 0, 0, 0, 0, 0, 0]) tensor([0, 0, 0, 0, 0, 0, 0, 0, 0, 0])
tensor([0, 0]) tensor([0, 0])
tensor([0, 0, 0, 0, 0, 0, 0, 0]) tensor([0, 0, 0, 0, 0, 0, 0, 0])
tensor([0, 0, 0, 0, 0, 0, 0, 0, 0, 0, 0, 0, 0, 0, 0, 0]) tensor([0, 0, 0, 0, 0, 0, 0, 0, 0, 0, 0, 0, 0, 0, 0, 0])
tensor([0, 0, 0, 0, 0, 0, 0, 0, 0, 0, 0]) tensor([0, 0, 0, 0, 0, 0, 0, 0, 0, 0, 0])
tensor([0, 0, 0, 0, 0]) tensor([0, 0, 0, 4, 0])
tensor([0, 0, 0, 0, 0, 0, 0, 0, 0, 0, 0]) tensor([0, 0, 0, 0, 4, 0, 3, 0, 0, 0, 0])
tensor([0, 0, 0, 0, 0, 0, 0, 0, 0, 0, 0]) tensor([0, 0, 0, 0, 0, 0, 0, 0, 0, 0, 0])
tensor([0, 0, 0, 0, 0, 0, 0, 0, 0, 0, 0, 0, 0, 0, 0, 0, 0, 0, 0, 0]) tensor([0, 0, 0, 0, 0, 0, 0, 0, 0, 4, 0, 0, 0, 0, 0, 0, 3, 0, 0, 0])
tensor([0, 0, 0, 0]) tensor([0, 0, 0, 0])
tensor([0, 0, 0, 0, 0, 0, 0]) tensor([0, 0, 3, 0, 0, 0, 0])
tensor([0, 0, 0, 0, 0, 0, 0, 0, 0, 0, 0, 0, 0, 0, 0, 0, 0, 0, 0, 0, 0, 0, 0, 0,
        0, 0, 0, 0]) tensor([0, 0, 0, 0, 0, 0, 0, 0, 0, 0, 0, 0, 4, 0, 0, 0, 0, 0, 0, 0, 0, 0, 0, 0,
        0, 0, 0, 0])
tensor([0, 0, 0]) tensor([0, 0, 0])
tensor([0, 0, 0, 0, 0, 0, 0]) tensor([4, 4, 0, 0, 0, 0, 0])
tensor([0, 0, 0, 0, 0, 0, 0, 0, 0, 0, 0, 0, 0, 0, 0, 0, 0, 0, 0, 0, 0, 0, 0, 0,
        0, 0, 0, 0, 0, 0, 0, 0, 0, 0, 0, 0, 0]) tensor([0, 0, 0, 6, 0, 0, 0, 3, 0, 0, 0, 0, 0, 4, 0, 3, 0, 0, 0, 0, 0, 0, 0, 0,
        0, 0, 0, 0, 0, 0, 0, 0, 0, 0, 0, 0, 0])
tensor([0, 0, 0, 0, 0, 0, 0, 0, 0, 0, 0, 0]) tensor([0, 0, 0, 0, 0, 0, 0, 0, 0, 0, 0, 0])
tensor([0, 0, 0, 0, 0, 0, 0, 0, 0]) tensor([0, 0, 0, 0, 0, 0, 0, 0, 0])
tensor([0, 0, 0, 0, 0, 0]) tensor([0, 0, 0, 0, 0, 0])
tensor([0, 0, 0, 0, 0, 0, 0, 0, 0, 0, 0]) tensor([0, 0, 0, 0, 0, 0, 0, 0, 0, 0, 0])
tensor([0, 0, 0, 0, 0, 0, 0, 0, 0, 0]) tensor([0, 0, 0, 0, 0, 0, 0, 0, 0, 0])
tensor([0, 0, 0, 0, 0, 0, 0, 0, 0, 0, 0]) tensor([0, 0, 0, 0, 0, 0, 0, 4, 0, 0, 0])
tensor([0, 0, 0, 0, 0, 0, 0, 0, 0]) tensor([0, 0, 0, 0, 4, 0, 0, 0, 0])
tensor([0, 0, 0, 0]) tensor([0, 0, 0, 0])
tensor([0, 0, 0, 0, 0, 0, 0, 0, 0]) tensor([0, 0, 0, 0, 0, 0, 0, 0, 0])
tensor([0, 0, 0, 0, 0, 0, 0, 0, 0, 0, 0, 0, 0, 0]) tensor([1, 0, 0, 0, 2, 0, 0, 0, 0, 0, 0, 0, 0, 0])
tensor([0, 0, 0, 0, 0, 0, 0, 0, 0, 0, 0, 0, 0, 0, 0, 0]) tensor([0, 0, 0, 0, 0, 0, 0, 0, 0, 0, 0, 0, 0, 0, 0, 0])
tensor([0, 0, 0, 0, 0, 0, 0, 0, 0, 0, 0]) tensor([0, 0, 0, 0, 0, 0, 0, 0, 0, 0, 4])
tensor([0, 0, 0, 0, 0, 0, 0, 0, 0, 0, 0, 0, 0]) tensor([0, 0, 0, 0, 3, 4, 0, 0, 0, 0, 0, 0, 0])
tensor([0, 0]) tensor([0, 0])
tensor([0, 0, 0, 0, 0, 0, 0, 0, 0, 0, 0]) tensor([0, 0, 0, 3, 0, 0, 0, 0, 0, 0, 0])
tensor([0, 0, 0, 0, 0, 0, 0]) tensor([0, 0, 0, 0, 0, 0, 0])
tensor([0, 0, 0, 0, 0, 0, 0, 0, 0, 0, 0, 0, 0, 0, 0, 0, 0, 0, 0, 0, 0, 0, 0, 0,
        0, 0, 0, 0, 0, 0, 0, 0, 0, 0, 0, 0, 0, 0, 0, 0, 0, 0, 0, 0, 0, 0]) tensor([0, 0, 0, 0, 0, 0, 0, 0, 0, 0, 0, 0, 0, 0, 0, 0, 0, 0, 0, 0, 0, 0, 0, 0,
        0, 0, 0, 0, 0, 0, 0, 0, 6, 0, 5, 5, 0, 0, 0, 0, 6, 5, 0, 0, 0, 0])
tensor([0, 0, 0, 0, 0, 0, 0, 0, 0, 0, 0, 0]) tensor([0, 0, 0, 0, 0, 0, 0, 0, 0, 0, 0, 0])
tensor([0, 0, 0, 0, 0, 0, 0, 0, 0, 0, 0, 0, 0, 0, 0, 0, 0]) tensor([0, 0, 0, 0, 0, 0, 0, 0, 0, 0, 0, 0, 0, 0, 0, 0, 0])
tensor([0, 0, 0, 0, 0, 0, 0]) tensor([0, 0, 0, 0, 0, 0, 0])
tensor([0, 0, 0, 0, 0, 0, 0, 0, 0, 0, 0, 0, 0, 0, 0, 0, 0, 0, 0, 0, 0, 0, 0, 0,
        0, 0, 0, 0, 0, 0, 0, 0, 0, 0, 0, 0]) tensor([0, 0, 0, 0, 0, 0, 0, 0, 0, 0, 0, 0, 0, 0, 0, 0, 0, 0, 0, 0, 0, 0, 0, 0,
        0, 0, 0, 5, 5, 6, 0, 0, 0, 0, 0, 0])
tensor([0, 0, 0, 0, 0, 0, 0, 0, 0, 0, 0, 0, 0, 0, 0, 0, 0, 0, 0, 0, 0, 0, 0, 0,
        0, 0, 0, 0, 0, 0, 0, 0, 0, 0, 0, 0, 0, 0]) tensor([0, 0, 0, 0, 0, 0, 0, 0, 0, 0, 0, 0, 0, 0, 0, 0, 0, 0, 0, 3, 0, 0, 0, 0,
        6, 0, 0, 5, 0, 0, 0, 0, 0, 0, 0, 0, 0, 0])
tensor([0, 0, 0, 0, 0, 0, 0, 0, 0, 0, 0, 0, 0, 0, 0, 0, 0, 0, 0, 0, 0, 0, 0, 0,
        0, 0, 0, 0, 0, 0, 0, 0, 0, 0, 0, 0, 0, 0, 0, 0, 0]) tensor([0, 0, 0, 0, 0, 0, 0, 0, 0, 0, 0, 0, 0, 0, 0, 0, 0, 0, 0, 0, 0, 0, 0, 0,
        0, 0, 0, 0, 0, 0, 0, 0, 0, 0, 0, 0, 0, 0, 0, 0, 0])
tensor([0, 0, 0, 0, 0, 0, 0, 0, 0, 0, 0, 0, 0, 0, 0, 0, 0, 0, 0, 0, 0, 0, 0, 0,
        0, 0, 0, 0, 0, 0]) tensor([0, 0, 0, 0, 0, 0, 4, 0, 0, 0, 0, 0, 0, 0, 0, 0, 0, 0, 0, 0, 0, 0, 0, 0,
        0, 0, 0, 0, 0, 0])
tensor([0, 0, 0, 0, 0, 0, 0, 0]) tensor([0, 0, 0, 0, 0, 0, 0, 0])
tensor([0, 0, 0, 0, 0, 0, 0, 0, 0, 0, 0, 0, 0, 0, 0, 0, 0, 0, 0, 0, 0, 0, 0, 0,
        0, 0, 0, 0, 0, 0, 0]) tensor([0, 0, 0, 0, 0, 0, 0, 0, 3, 0, 0, 0, 4, 0, 0, 0, 0, 0, 0, 0, 3, 0, 0, 0,
        0, 0, 0, 0, 0, 0, 0])
tensor([0, 0, 0, 0, 0, 0, 0, 0, 0, 0, 0, 0, 0, 0, 0, 0, 0, 0, 0, 0, 0, 0, 0, 0,
        0]) tensor([0, 0, 0, 0, 0, 0, 0, 0, 0, 0, 0, 0, 0, 0, 0, 3, 0, 5, 0, 6, 0, 4, 0, 0,
        0])
tensor([0, 0, 0, 0, 0, 0, 0, 0, 0, 0, 0, 0, 0, 0, 0, 0, 0, 0]) tensor([0, 0, 0, 3, 0, 0, 0, 0, 0, 0, 0, 0, 0, 0, 0, 0, 0, 0])
tensor([0, 0, 0, 0, 0, 0, 0]) tensor([0, 0, 0, 0, 0, 0, 0])
tensor([0, 0, 0, 0, 0, 0, 0, 0, 0, 0, 0, 0, 0, 0, 0, 0, 0, 0, 0, 0, 0, 0, 0, 0,
        0]) tensor([0, 4, 0, 0, 0, 0, 0, 0, 0, 0, 0, 4, 0, 0, 0, 0, 0, 0, 0, 0, 0, 0, 0, 0,
        0])
tensor([0, 0, 0, 0, 0, 0, 0, 0, 0, 0, 0, 0, 0, 0, 0, 0, 0, 0, 0, 0, 0, 0, 0, 0,
        0, 0, 0, 0]) tensor([0, 0, 0, 0, 0, 0, 0, 0, 0, 0, 1, 0, 0, 0, 0, 0, 0, 0, 0, 0, 0, 0, 0, 0,
        0, 0, 0, 0])
tensor([0, 0, 0, 0, 0, 0, 0, 0, 0, 0, 0, 0]) tensor([0, 0, 0, 0, 0, 0, 0, 0, 0, 0, 0, 0])
tensor([0, 0, 0, 0, 0, 0, 0, 0, 0, 0, 0, 0, 0, 0, 0, 0, 0, 0, 0, 0, 0, 0, 0, 0,
        0, 0, 0, 0, 0, 0, 0, 0, 0, 0, 0, 0, 0, 0, 0, 0, 0, 0]) tensor([0, 0, 0, 0, 0, 0, 0, 0, 0, 0, 0, 0, 0, 0, 0, 0, 3, 0, 0, 0, 0, 0, 0, 0,
        0, 0, 0, 0, 0, 0, 0, 0, 0, 0, 4, 0, 0, 0, 0, 0, 0, 0])
tensor([0, 0, 0, 0, 0, 0, 0, 0, 0, 0, 0, 0, 0, 0, 0, 0, 0, 0, 0, 0, 0, 0, 0, 0,
        0, 0, 0, 0, 0, 0, 0]) tensor([0, 0, 0, 0, 0, 0, 0, 0, 0, 0, 0, 0, 0, 0, 0, 0, 0, 0, 0, 0, 4, 0, 0, 0,
        0, 0, 0, 0, 0, 0, 0])
tensor([0, 0, 0, 0, 0, 0, 0, 0, 0, 0, 0, 0, 0, 0, 0, 0, 0, 0, 0, 0, 0, 0, 0, 0,
        0, 0, 0, 0, 0, 0]) tensor([0, 4, 0, 0, 0, 0, 0, 0, 0, 5, 0, 0, 0, 6, 0, 0, 0, 0, 0, 0, 0, 0, 0, 0,
        0, 0, 0, 0, 0, 0])
tensor([0, 0, 0, 0, 0, 0, 0, 0, 0, 0, 0, 0, 0, 0, 0, 0, 0, 0, 0, 0, 0, 0, 0, 0,
        0, 0, 0, 0, 0, 0, 0]) tensor([0, 0, 0, 0, 0, 0, 0, 0, 0, 0, 0, 0, 0, 3, 0, 0, 0, 0, 0, 0, 0, 0, 3, 0,
        4, 0, 0, 0, 0, 0, 0])
tensor([0, 0, 0, 0, 0, 0, 0, 0, 0, 0]) tensor([0, 0, 4, 0, 0, 3, 0, 0, 0, 0])
tensor([0, 0, 0, 0, 0, 0, 0, 0, 0, 0, 0, 0, 0, 0, 0, 0, 0, 0, 0, 0, 0, 0, 0, 0,
        0, 0, 0, 0, 0, 0, 0, 0, 0, 0, 0]) tensor([0, 0, 0, 3, 0, 0, 0, 0, 0, 0, 0, 0, 0, 0, 0, 0, 0, 0, 0, 0, 0, 0, 4, 0,
        0, 0, 0, 0, 0, 0, 0, 0, 0, 0, 0])
tensor([0, 0, 0, 0, 0, 0, 0, 0, 0, 0, 0, 0, 0, 0, 0, 0, 0, 0, 0, 0]) tensor([0, 0, 0, 0, 0, 0, 0, 0, 0, 0, 0, 3, 0, 0, 0, 0, 0, 0, 0, 3])
tensor([0, 0, 0, 0, 0, 0, 0, 0, 0, 0, 0, 0, 0]) tensor([0, 0, 0, 0, 0, 0, 0, 0, 0, 0, 0, 0, 0])
tensor([0, 0, 0, 0, 0, 0, 0, 0, 0, 0, 0, 0, 0, 0, 0, 0, 0, 0, 0, 0, 0, 0, 0, 0,
        0, 0, 0, 0, 0, 0, 0, 0, 0]) tensor([0, 0, 0, 0, 0, 0, 0, 0, 0, 0, 0, 0, 0, 0, 5, 0, 0, 0, 0, 0, 0, 0, 0, 0,
        0, 0, 0, 0, 0, 0, 0, 0, 2])
tensor([0, 0, 0, 0, 0, 0, 0, 0, 0, 0, 0, 0, 0, 0, 0, 0]) tensor([0, 0, 0, 0, 0, 0, 0, 0, 0, 0, 0, 0, 0, 0, 0, 0])
tensor([0, 0, 0, 0, 0, 0, 0, 0, 0, 0, 0, 0, 0, 0, 0, 0, 0, 0]) tensor([0, 0, 0, 4, 0, 0, 2, 0, 0, 0, 0, 0, 0, 0, 0, 0, 1, 0])
tensor([0, 0, 0, 0, 0, 0, 0, 0, 0, 0, 0, 0, 0, 0, 0, 0, 0, 0, 0, 0, 0, 0]) tensor([0, 0, 0, 0, 0, 0, 0, 0, 0, 0, 0, 0, 0, 0, 0, 0, 0, 0, 0, 0, 0, 0])
tensor([0, 0, 0, 0, 0, 0, 0, 0, 0, 0, 0, 0, 0, 0, 0, 0, 0, 0, 0]) tensor([5, 6, 6, 0, 0, 0, 0, 0, 0, 0, 0, 0, 0, 3, 0, 0, 0, 0, 0])
tensor([0, 0, 0, 0, 0, 0, 0, 0, 0, 0, 0, 0, 0, 0, 0, 0]) tensor([0, 0, 0, 0, 0, 0, 0, 0, 0, 4, 0, 0, 5, 0, 0, 6])
tensor([0, 0, 0]) tensor([0, 0, 0])
tensor([0, 0, 0, 0, 0, 0]) tensor([0, 0, 0, 0, 0, 0])
tensor([0, 0, 0]) tensor([0, 0, 0])
tensor([0, 0, 0, 0, 0, 0, 0]) tensor([0, 0, 0, 0, 0, 0, 0])
tensor([0, 0, 0, 0]) tensor([0, 0, 0, 0])
tensor([0, 0, 0, 0, 0, 0]) tensor([0, 0, 0, 0, 0, 0])
tensor([0, 0, 0, 0, 0]) tensor([0, 0, 0, 0, 0])
tensor([0, 0, 0, 0, 0]) tensor([0, 0, 0, 0, 0])
tensor([0, 0, 0, 0, 0, 0, 0]) tensor([0, 6, 0, 0, 0, 0, 0])
tensor([0, 0, 0, 0, 0, 0, 0, 0, 0, 0, 0, 0, 0, 0, 0, 0, 0, 0, 0, 0, 0, 0, 0, 0,
        0, 0, 0, 0, 0, 0, 0, 0]) tensor([0, 0, 0, 0, 0, 0, 0, 0, 0, 0, 0, 0, 3, 4, 0, 4, 0, 0, 0, 0, 0, 0, 0, 0,
        0, 0, 0, 0, 0, 0, 0, 0])
tensor([0, 0, 0, 0, 0, 0, 0, 0, 0, 0, 0, 0, 0, 0, 0, 0, 0, 0, 0, 0, 0, 0, 0, 0,
        0, 0, 0, 0, 0, 0, 0, 0, 0]) tensor([0, 0, 0, 0, 0, 0, 0, 0, 0, 0, 0, 0, 4, 0, 0, 0, 0, 3, 0, 0, 0, 0, 0, 0,
        0, 0, 0, 0, 0, 0, 0, 0, 0])
tensor([0, 0, 0, 0, 0, 0, 0]) tensor([0, 0, 0, 0, 0, 0, 0])
tensor([0, 0, 0, 0, 0, 0, 0, 0, 0, 0, 0, 0, 0, 0, 0, 0, 0, 0, 0, 0]) tensor([0, 0, 0, 0, 0, 0, 0, 0, 0, 0, 0, 0, 0, 0, 0, 0, 0, 0, 0, 0])
tensor([0, 0, 0, 0, 0, 0, 0, 0, 0, 0, 0, 0, 0, 0, 0, 0, 0, 0, 0, 0, 0, 0, 0]) tensor([0, 0, 0, 0, 0, 0, 0, 0, 0, 0, 0, 0, 0, 0, 4, 0, 0, 0, 0, 0, 0, 0, 0])
tensor([0, 0, 0, 0, 0, 0, 0, 0, 0, 0, 0, 0, 0, 0, 0, 0, 0, 0, 0, 0, 0, 0, 0, 0,
        0, 0, 0, 0, 0, 0, 0, 0, 0, 0, 0, 0, 0, 0]) tensor([0, 0, 0, 0, 0, 0, 0, 0, 0, 0, 0, 0, 0, 0, 0, 0, 0, 0, 0, 0, 0, 0, 0, 4,
        0, 0, 0, 0, 0, 4, 0, 0, 0, 0, 3, 0, 0, 0])
tensor([0, 0, 0, 0, 0, 0, 0, 0, 0, 0, 0, 0, 0, 0, 0, 0, 0, 0, 0]) tensor([0, 0, 0, 0, 0, 0, 0, 0, 0, 0, 0, 0, 0, 0, 0, 0, 0, 0, 0])
tensor([0, 0, 0, 0, 0, 0, 0, 0, 0, 0, 0, 0, 0, 0, 0, 0, 0, 0, 0, 0, 0, 0, 0, 0,
        0, 0, 0, 0, 0, 0, 0, 0, 0, 0, 0]) tensor([0, 0, 0, 0, 0, 4, 0, 4, 0, 0, 3, 0, 0, 0, 0, 0, 0, 0, 0, 0, 0, 0, 3, 0,
        4, 6, 0, 0, 0, 0, 3, 0, 0, 0, 0])
tensor([0, 0, 0, 0, 0, 0, 0, 0, 0, 0, 0, 0, 0, 0]) tensor([0, 0, 0, 0, 0, 0, 3, 0, 0, 0, 0, 0, 0, 0])
tensor([0, 0, 0, 0, 0, 0, 0, 0, 0, 0, 0, 0, 0, 0, 0, 0, 0, 0, 0, 0, 0]) tensor([0, 0, 0, 0, 0, 0, 0, 0, 0, 0, 0, 0, 0, 0, 0, 0, 0, 0, 0, 0, 0])
tensor([0, 0, 0, 0, 0, 0, 0, 0, 0, 0, 0, 0, 0, 0, 0, 0, 0, 0, 0, 0, 0, 0, 0, 0,
        0]) tensor([0, 0, 0, 0, 0, 0, 0, 0, 0, 0, 0, 0, 0, 0, 0, 0, 0, 0, 0, 0, 0, 0, 0, 0,
        0])
tensor([0, 0, 0, 0, 0, 0, 0, 0, 0, 0, 0, 0, 0, 0, 0, 0, 0, 0, 0, 0, 0, 0, 0, 0,
        0, 0]) tensor([0, 0, 0, 0, 0, 0, 0, 1, 0, 0, 2, 0, 0, 0, 0, 0, 0, 0, 0, 0, 0, 0, 0, 0,
        0, 0])
tensor([0, 0, 0, 0, 0]) tensor([0, 0, 0, 0, 0])
tensor([0, 0, 0, 0, 0, 0, 0, 0, 0, 0, 0, 0, 0, 0, 0, 0, 0, 0, 0, 0, 0, 0, 0]) tensor([0, 0, 0, 0, 0, 0, 0, 0, 0, 0, 0, 0, 0, 0, 0, 0, 0, 0, 0, 0, 0, 0, 0])
tensor([0, 0, 0, 0, 0, 0, 0, 0, 0, 0, 0, 0, 0, 0, 0, 0, 0, 0, 0, 0, 0, 0, 0, 0,
        0, 0, 0, 0, 0]) tensor([0, 0, 0, 0, 0, 0, 0, 0, 0, 0, 0, 0, 0, 0, 0, 0, 0, 0, 0, 0, 0, 0, 0, 0,
        0, 0, 0, 0, 0])
tensor([0, 0, 0, 0, 0, 0, 0, 0, 0, 0, 0, 0, 0, 0, 0, 0, 0, 0, 0, 0, 0, 0, 0, 0,
        0, 0]) tensor([0, 0, 0, 0, 0, 4, 0, 3, 0, 3, 0, 0, 3, 0, 0, 3, 0, 0, 0, 0, 0, 0, 0, 0,
        0, 0])
tensor([0, 0, 0, 0, 0, 0]) tensor([0, 0, 0, 0, 0, 5])
tensor([0, 0, 0, 0, 0, 0, 0, 0, 0, 0]) tensor([0, 0, 0, 0, 0, 0, 0, 0, 0, 0])
tensor([0, 0, 0, 0, 0, 0, 0, 0, 0, 0, 0]) tensor([0, 0, 0, 0, 0, 0, 0, 0, 0, 0, 0])
tensor([0, 0, 0]) tensor([0, 0, 0])
tensor([0, 0, 0, 0, 0, 0, 0, 0, 0, 0, 0, 0, 0, 0, 0, 0, 0, 0, 0, 0, 0, 0, 0, 0,
        0, 0, 0, 0, 0, 0, 0, 0, 0, 0, 0, 0, 0, 0]) tensor([0, 0, 0, 0, 0, 0, 0, 0, 4, 0, 0, 0, 0, 0, 0, 0, 0, 0, 4, 0, 0, 0, 0, 0,
        0, 0, 0, 0, 0, 0, 0, 0, 0, 0, 0, 0, 0, 0])
tensor([0, 0, 0, 0, 0, 0, 0, 0, 0, 0, 0, 0, 0, 0, 0, 0, 0, 0, 0, 0, 0, 0, 0, 0,
        0, 0, 0, 0, 0]) tensor([3, 3, 0, 0, 0, 0, 0, 0, 0, 0, 5, 0, 0, 0, 0, 0, 0, 0, 0, 3, 0, 0, 0, 0,
        0, 0, 0, 0, 0])
tensor([0, 0, 0, 0, 0, 0, 0, 0, 0, 0, 0, 0, 0, 0]) tensor([0, 0, 0, 0, 0, 0, 0, 0, 0, 0, 0, 0, 0, 0])
tensor([0, 0, 0, 0, 0, 0, 0, 0, 0, 0, 0]) tensor([0, 0, 0, 0, 0, 0, 0, 0, 0, 0, 0])
tensor([0, 0, 0, 0, 0, 0, 0, 0, 0, 0, 0, 0, 0, 0, 0, 0, 0, 0, 0, 0, 0, 0, 0, 0,
        0, 0, 0, 0, 0, 0, 0]) tensor([0, 0, 0, 0, 0, 0, 0, 0, 0, 0, 0, 0, 0, 0, 0, 0, 0, 0, 0, 0, 0, 0, 0, 0,
        0, 0, 0, 0, 0, 0, 0])
tensor([0, 0, 0, 0, 0, 0, 0, 0, 0, 0, 0, 0, 0, 0, 0, 0, 0, 0, 0, 0, 0, 0, 0, 0,
        0, 0, 0, 0, 0, 0, 0]) tensor([0, 0, 0, 0, 0, 0, 0, 0, 0, 0, 0, 0, 0, 4, 0, 0, 0, 0, 0, 0, 0, 0, 0, 0,
        0, 0, 0, 0, 0, 0, 0])
tensor([0, 0, 0, 0, 0, 0, 0, 0, 0]) tensor([0, 0, 0, 0, 0, 0, 0, 0, 0])
tensor([0, 0, 0, 0, 0, 0, 0, 0, 0, 0, 0, 0, 0, 0, 0, 0, 0, 0, 0, 0, 0, 0, 0, 0,
        0, 0, 0, 0]) tensor([0, 0, 4, 0, 0, 6, 0, 5, 0, 0, 0, 0, 4, 0, 3, 0, 0, 4, 0, 0, 4, 0, 3, 0,
        0, 0, 0, 0])
tensor([0, 0, 0, 0, 0, 0, 0, 0, 0, 0, 0, 0, 0, 0, 0, 0, 0, 0, 0, 0]) tensor([0, 0, 0, 3, 0, 0, 4, 0, 0, 4, 0, 0, 0, 0, 0, 0, 0, 0, 0, 0])
tensor([0, 0, 0, 0, 0, 0, 0, 0, 0, 0, 0, 0, 0, 0]) tensor([0, 4, 0, 0, 0, 0, 0, 4, 0, 6, 6, 0, 0, 0])
tensor([0, 0, 0, 0, 0, 0, 0, 0, 0, 0, 0, 0, 0, 0, 0, 0, 0, 0, 0, 0, 0, 0, 0, 0,
        0, 0, 0, 0, 0, 0, 0, 0, 0, 0, 0]) tensor([0, 0, 0, 0, 1, 0, 0, 0, 0, 0, 0, 0, 5, 0, 0, 0, 0, 0, 0, 0, 0, 6, 5, 4,
        1, 0, 0, 0, 0, 5, 0, 0, 0, 0, 0])
tensor([0, 0, 0, 0, 0, 0, 0, 0, 0, 0, 0, 0, 0, 0, 0, 0, 0, 0, 0, 0, 0, 0, 0, 0,
        0, 0, 0, 0, 0, 0, 0, 0, 0, 0, 0, 0, 0, 0, 0, 0]) tensor([0, 2, 0, 0, 0, 0, 0, 0, 0, 0, 0, 0, 2, 0, 0, 0, 0, 4, 0, 0, 0, 0, 0, 6,
        0, 0, 0, 5, 0, 5, 4, 0, 4, 0, 0, 5, 0, 0, 4, 0])
tensor([0, 0, 0, 0, 0, 0, 0, 0, 0, 0, 0, 0, 0, 0, 0]) tensor([0, 0, 0, 0, 0, 0, 0, 0, 0, 0, 0, 0, 0, 0, 0])
tensor([0, 0, 0, 0, 0, 0, 0, 0, 0, 0, 0, 0, 0, 0, 0, 0, 0, 0, 0, 0, 0, 0, 0, 0,
        0, 0, 0]) tensor([0, 0, 0, 0, 0, 0, 0, 0, 0, 0, 0, 0, 0, 0, 0, 0, 0, 0, 0, 0, 0, 0, 0, 0,
        0, 0, 0])
tensor([0, 0, 0, 0]) tensor([0, 0, 0, 0])
tensor([0, 0, 0, 0, 0, 0]) tensor([0, 0, 0, 0, 0, 0])
tensor([0, 0, 0, 0, 0, 0, 0, 0, 0, 0, 0, 0, 0, 0, 0]) tensor([0, 0, 0, 0, 0, 0, 2, 0, 0, 0, 0, 0, 0, 3, 0])
tensor([0, 0, 0, 0, 0, 0, 0, 0, 0]) tensor([0, 0, 0, 0, 0, 0, 0, 0, 0])
tensor([0, 0, 0]) tensor([0, 0, 0])
tensor([0, 0, 0, 0, 0, 0, 0, 0, 0, 0, 0, 0, 0, 0, 0, 0]) tensor([0, 0, 0, 0, 0, 0, 0, 0, 0, 0, 0, 0, 0, 0, 0, 0])
tensor([0, 0, 0, 0, 0, 0, 0, 0, 0]) tensor([0, 0, 0, 6, 0, 5, 0, 5, 0])
tensor([0, 0, 0, 0, 0, 0, 0, 0, 0]) tensor([0, 0, 0, 1, 0, 2, 0, 0, 0])
tensor([0, 0, 0, 0, 0, 0, 0, 0, 0, 0]) tensor([0, 0, 0, 0, 0, 0, 0, 0, 0, 0])
tensor([0, 0, 0, 0, 0, 0, 0, 0, 0, 0, 0, 0, 0]) tensor([0, 0, 0, 0, 0, 0, 0, 0, 3, 4, 0, 4, 0])
tensor([0, 0, 0, 0, 0, 0, 0, 0, 0, 0, 0, 0, 0, 0, 0, 0, 0, 0, 0, 0, 0, 0, 0, 0]) tensor([0, 0, 0, 0, 0, 4, 0, 0, 0, 6, 0, 5, 0, 0, 0, 0, 0, 0, 0, 0, 0, 0, 0, 0])
tensor([0, 0, 0, 0, 0, 0, 0, 0, 0, 0, 0, 0, 0, 0, 0, 0, 0, 0]) tensor([0, 0, 0, 0, 0, 0, 0, 0, 0, 0, 0, 0, 0, 0, 0, 0, 0, 0])
tensor([0, 0, 0, 0, 0, 0, 0, 0, 0, 0, 0, 0, 0, 0, 0, 0, 0, 0, 0, 0, 0]) tensor([5, 1, 0, 0, 0, 0, 0, 0, 0, 0, 0, 0, 0, 0, 0, 0, 0, 0, 0, 0, 0])
tensor([0, 0, 0, 0, 0, 0, 0]) tensor([0, 6, 0, 6, 0, 5, 0])
tensor([0, 0, 0, 0, 0, 0, 0, 0, 0, 0, 0, 0, 0, 0, 0]) tensor([0, 0, 0, 0, 1, 0, 0, 2, 0, 0, 0, 0, 0, 5, 0])
tensor([0, 0, 0, 0, 0, 0, 0, 0, 0, 0, 0, 0, 0, 0, 0, 0, 0, 0, 0, 0, 0, 0, 0, 0,
        0, 0, 0, 0, 0, 0, 0, 0, 0, 0, 0, 0, 0]) tensor([0, 0, 0, 0, 0, 0, 2, 0, 0, 0, 0, 0, 0, 0, 0, 4, 0, 6, 0, 0, 5, 0, 0, 0,
        3, 0, 0, 0, 0, 0, 0, 0, 0, 0, 0, 4, 0])
tensor([0, 0, 0, 0, 0, 0, 0, 0, 0, 0, 0, 0, 0, 0, 0, 0, 0]) tensor([0, 0, 0, 0, 0, 0, 0, 0, 0, 0, 0, 0, 4, 0, 0, 0, 0])
tensor([0, 0, 0, 0, 0, 0, 0, 0]) tensor([0, 0, 0, 0, 0, 0, 0, 0])
tensor([0, 0, 0, 0, 0, 0, 0, 0, 0, 0, 0, 0, 0, 0, 0, 0, 0, 0, 0, 0, 0, 0, 0, 0,
        0, 0, 0, 0]) tensor([0, 2, 0, 0, 3, 0, 0, 0, 0, 0, 0, 0, 4, 0, 0, 0, 0, 2, 0, 0, 0, 0, 0, 0,
        0, 0, 5, 0])
tensor([0, 0, 0, 0, 0, 0, 0, 0, 0, 0, 0, 0, 0, 0, 0, 0, 0, 0, 0, 0, 0, 0, 0, 0,
        0, 0, 0, 0, 0, 0, 0, 0, 0, 0, 0, 0, 0, 0, 0, 0, 0]) tensor([0, 0, 0, 0, 0, 0, 0, 3, 0, 0, 0, 5, 0, 0, 0, 0, 0, 0, 0, 0, 0, 0, 0, 0,
        0, 5, 0, 6, 0, 0, 1, 0, 0, 0, 0, 0, 0, 0, 0, 0, 2])
tensor([0, 0, 0, 0, 0, 0, 0]) tensor([0, 0, 0, 0, 0, 0, 0])
tensor([0, 0, 0, 0, 0, 0, 0, 0, 0, 0, 0, 0, 0, 0, 0, 0, 0, 0, 0, 0, 0, 0, 0, 0,
        0]) tensor([0, 0, 0, 0, 0, 0, 0, 0, 0, 0, 0, 0, 0, 4, 0, 0, 0, 0, 0, 0, 0, 0, 0, 0,
        0])
tensor([0, 0, 0, 0, 0, 0]) tensor([0, 3, 0, 0, 0, 0])
tensor([0, 0, 0, 0, 0, 0, 0, 0, 0, 0, 0, 0, 0, 0, 0, 0, 0, 0, 0, 0]) tensor([0, 0, 0, 0, 0, 0, 0, 0, 0, 0, 0, 0, 0, 0, 4, 0, 0, 0, 0, 0])
tensor([0, 0, 0, 0, 0, 0, 0, 0, 0, 0, 0, 0, 0]) tensor([0, 0, 0, 0, 0, 0, 0, 0, 3, 0, 0, 0, 0])
tensor([0, 0, 0, 0, 0, 0, 0, 0, 0, 0, 0, 0, 0, 0, 0, 0, 0, 0, 0, 0, 0, 0, 0, 0,
        0]) tensor([0, 0, 0, 0, 0, 0, 0, 0, 0, 0, 0, 0, 0, 0, 0, 0, 0, 0, 0, 0, 0, 0, 0, 0,
        0])
tensor([0, 0, 0, 0, 0, 0, 0, 0, 0]) tensor([0, 0, 0, 0, 0, 0, 0, 0, 0])
tensor([0, 0, 0, 0, 0, 0, 0, 0, 0, 0, 0, 0, 0, 0, 0, 0, 0, 0]) tensor([0, 0, 0, 0, 0, 0, 0, 0, 0, 0, 0, 0, 0, 1, 0, 0, 0, 0])
tensor([0, 0, 0, 0, 0, 0, 0, 0, 0, 0, 0, 0, 0, 0, 0, 0, 0, 0, 0, 0, 0, 0]) tensor([0, 0, 0, 0, 0, 0, 0, 0, 0, 0, 0, 0, 0, 0, 0, 0, 0, 0, 0, 0, 0, 0])
tensor([0, 0, 0, 0, 0, 0, 0, 0, 0, 0, 0]) tensor([0, 0, 6, 0, 5, 0, 0, 0, 0, 0, 2])
tensor([0, 0, 0]) tensor([0, 0, 0])
tensor([0, 0, 0, 0, 0, 0, 0, 0, 0, 0, 0, 0]) tensor([0, 0, 0, 0, 0, 0, 0, 0, 0, 0, 0, 0])
tensor([0, 0, 0, 0, 0, 0, 0, 0, 0, 0, 0, 0, 0, 0, 0, 0, 0, 0, 0, 0, 0]) tensor([0, 0, 0, 0, 0, 0, 0, 0, 0, 0, 0, 0, 0, 0, 0, 0, 0, 0, 0, 0, 0])
tensor([0, 0, 0, 0, 0, 0, 0, 0, 0, 0, 0, 0, 0, 0, 0, 0, 0, 0, 0, 0, 0, 0, 0, 0,
        0, 0, 0, 0, 0, 0, 0, 0, 0, 0, 0, 0, 0, 0, 0]) tensor([0, 0, 0, 0, 0, 0, 0, 0, 0, 0, 0, 0, 0, 0, 0, 6, 0, 0, 0, 0, 0, 0, 0, 0,
        0, 0, 0, 0, 4, 0, 0, 0, 0, 0, 0, 0, 4, 0, 0])
tensor([0, 0, 0, 0, 0, 0, 0, 0, 0, 0, 0, 0, 0, 0, 0, 0, 0, 0, 0, 0, 0, 0, 0, 0,
        0, 0, 0, 0, 0, 0, 0, 0, 0, 0, 0, 0, 0, 0, 0, 0, 0, 0, 0, 0, 0, 0, 0, 0,
        0, 0]) tensor([0, 0, 0, 0, 0, 3, 0, 0, 4, 0, 0, 0, 3, 0, 0, 0, 0, 0, 0, 0, 0, 0, 0, 0,
        0, 0, 0, 0, 0, 0, 0, 0, 6, 0, 0, 0, 5, 0, 6, 0, 0, 5, 0, 0, 0, 6, 0, 0,
        6, 0])
tensor([0, 0, 0, 0, 0, 0, 0, 0, 0, 0, 0, 0, 0, 0, 0, 0, 0]) tensor([0, 0, 0, 0, 0, 0, 0, 0, 0, 0, 0, 0, 6, 0, 0, 0, 0])
tensor([0, 0, 0, 0, 0, 0, 0, 0, 0, 0, 0, 0, 0, 0, 0, 0, 0]) tensor([0, 0, 0, 0, 0, 0, 0, 0, 0, 0, 0, 0, 0, 0, 0, 0, 0])
tensor([0, 0]) tensor([0, 0])
tensor([0, 0, 0, 0, 0, 0, 0, 0, 0, 0]) tensor([0, 0, 4, 0, 0, 0, 0, 0, 0, 0])
tensor([0, 0, 0, 0, 0, 0, 0, 0, 0, 0, 0, 0, 0, 0, 0, 0, 0, 0, 0, 0, 0, 0, 0, 0,
        0, 0, 0, 0, 0, 0, 0, 0, 0, 0, 0, 0, 0, 0, 0, 0, 0]) tensor([3, 0, 0, 0, 0, 0, 0, 0, 0, 0, 5, 0, 0, 0, 0, 0, 0, 0, 0, 0, 6, 0, 0, 6,
        0, 0, 0, 0, 0, 0, 0, 0, 0, 0, 0, 0, 0, 0, 0, 0, 0])
tensor([0, 0, 0, 0, 0, 0, 0, 0, 0, 0, 0, 0, 0, 0, 0, 0, 0, 0, 0, 0, 0, 0, 0, 0,
        0]) tensor([0, 0, 0, 0, 0, 0, 0, 0, 0, 0, 0, 0, 0, 0, 3, 0, 0, 0, 0, 0, 0, 0, 0, 0,
        0])
tensor([0, 0, 0, 0, 0, 0, 0, 0, 0, 0, 0, 0, 0, 0, 0, 0, 0, 0, 0, 0, 0, 0, 0, 0,
        0, 0, 0, 0, 0, 0, 0, 0]) tensor([0, 0, 0, 0, 4, 0, 0, 0, 3, 0, 0, 0, 0, 0, 0, 0, 0, 0, 0, 0, 0, 0, 5, 0,
        0, 4, 0, 0, 0, 0, 0, 0])
tensor([0, 0, 0, 0, 0, 0, 0, 0, 0, 0, 0, 0, 0, 0, 0, 0, 0, 0, 0, 0, 0, 0, 0, 0,
        0, 0, 0, 0, 0, 0, 0, 0, 0, 0, 0, 0, 0, 0, 0, 0, 0, 0, 0, 0, 0, 0, 0, 0,
        0, 0, 0, 0, 0, 0, 0, 0, 0, 0, 0, 0, 0, 0, 0, 0]) tensor([0, 0, 0, 0, 0, 0, 0, 0, 0, 0, 0, 0, 0, 0, 0, 0, 0, 0, 0, 0, 0, 0, 0, 0,
        0, 0, 0, 0, 0, 0, 0, 0, 0, 0, 0, 0, 0, 0, 0, 0, 0, 0, 0, 0, 0, 0, 0, 0,
        0, 0, 4, 0, 0, 0, 0, 0, 0, 4, 0, 0, 0, 0, 0, 0])
tensor([0, 0, 0, 0]) tensor([0, 0, 0, 0])
tensor([0, 0, 0, 0, 0, 0, 0, 0, 0, 0, 0, 0]) tensor([0, 0, 0, 3, 0, 0, 0, 0, 0, 0, 0, 0])
tensor([0, 0, 0, 0, 0, 0, 0]) tensor([0, 0, 0, 0, 0, 0, 0])
tensor([0, 0, 0, 0, 0, 0, 0, 0]) tensor([0, 0, 0, 0, 0, 0, 0, 0])
tensor([0, 0, 0, 0, 0]) tensor([0, 0, 0, 0, 0])
tensor([0, 0]) tensor([0, 0])
tensor([0, 0, 0, 0, 0, 0, 0]) tensor([0, 0, 0, 0, 0, 0, 0])
tensor([0, 0, 0, 0, 0, 0, 0, 0, 0, 0, 0]) tensor([0, 0, 0, 6, 0, 5, 0, 0, 0, 2, 0])
tensor([0, 0, 0, 0, 0, 0, 0, 0, 0, 0, 0, 0, 0]) tensor([0, 0, 0, 0, 0, 0, 0, 0, 0, 0, 0, 0, 0])
tensor([0, 0, 0, 0, 0, 0, 0, 0, 0, 0, 0, 0, 0, 0, 0, 0, 0, 0, 0, 0, 0, 0, 0, 0]) tensor([0, 0, 0, 0, 0, 5, 0, 0, 0, 6, 4, 0, 0, 0, 0, 0, 0, 0, 0, 0, 0, 0, 0, 0])
tensor([0, 0, 0, 0, 0, 0, 0, 0, 0, 0, 0, 0, 0, 0, 0, 0, 0, 0, 0, 0, 0, 0, 0, 0,
        0, 0, 0, 0, 0, 0, 0, 0, 0, 0, 0, 0, 0, 0, 0, 0, 0, 0, 0, 0, 0, 0]) tensor([0, 0, 0, 0, 0, 0, 5, 6, 0, 0, 0, 0, 0, 0, 0, 0, 0, 0, 0, 0, 0, 0, 0, 0,
        0, 0, 0, 0, 0, 0, 0, 0, 0, 0, 0, 0, 0, 0, 4, 0, 0, 6, 0, 6, 0, 0])
tensor([0, 0, 0, 0, 0, 0, 0, 0, 0, 0, 0, 0, 0, 0, 0, 0, 0, 0]) tensor([0, 0, 0, 0, 0, 0, 0, 0, 0, 0, 0, 0, 0, 0, 0, 0, 0, 0])
tensor([0, 0]) tensor([0, 0])
tensor([0, 0, 0, 0, 0, 0, 0, 0, 0, 0, 0, 0, 0, 0, 0, 0, 0, 0, 0, 0, 0, 0, 0, 0,
        0, 0, 0, 0, 0, 0]) tensor([0, 0, 0, 0, 0, 0, 0, 0, 0, 0, 0, 0, 0, 0, 0, 0, 0, 0, 0, 0, 0, 0, 0, 0,
        0, 0, 5, 0, 0, 0])
tensor([0, 0, 0, 0, 0, 0, 0, 0, 0, 0, 0, 0, 0, 0, 0, 0, 0, 0, 0, 0, 0, 0, 0, 0,
        0, 0, 0]) tensor([0, 0, 0, 0, 0, 0, 0, 0, 0, 6, 0, 0, 0, 0, 0, 0, 0, 0, 0, 0, 0, 0, 0, 0,
        0, 0, 0])
tensor([0, 0, 0, 0, 0, 0, 0, 0, 0, 0, 0, 0, 0, 0, 0, 0]) tensor([0, 0, 0, 0, 0, 0, 0, 0, 0, 0, 0, 0, 0, 0, 0, 0])
tensor([0, 0, 0, 0, 0, 0, 0, 0, 0, 0, 0, 0, 0, 0, 0, 0, 0, 0, 0, 0, 0, 0, 0]) tensor([0, 0, 0, 0, 0, 6, 0, 0, 0, 0, 0, 0, 0, 0, 0, 0, 0, 0, 0, 0, 0, 0, 0])
tensor([0, 0, 0, 0, 0, 0]) tensor([0, 0, 0, 0, 0, 0])
tensor([0, 0, 0]) tensor([3, 4, 0])
tensor([0, 0, 0, 0, 0, 0, 0, 0, 0]) tensor([4, 0, 5, 0, 0, 0, 0, 0, 0])
tensor([0, 0, 0, 0, 0]) tensor([0, 0, 3, 3, 0])
tensor([0, 0, 0, 0, 0, 0, 0, 0, 0, 0, 0, 0, 0, 0, 0, 0, 0, 0, 0, 0, 0, 0]) tensor([0, 5, 0, 0, 0, 0, 0, 4, 0, 0, 0, 0, 0, 0, 0, 0, 0, 0, 0, 0, 5, 0])
tensor([0, 0, 0, 0, 0, 0, 0, 0, 0, 0, 0, 0, 0, 0, 0, 0, 0, 0, 0, 0, 0]) tensor([0, 0, 0, 0, 0, 4, 0, 0, 0, 0, 0, 0, 0, 0, 0, 0, 0, 0, 0, 0, 0])
tensor([0, 0, 0]) tensor([0, 0, 0])
tensor([0, 0, 0, 0, 0, 0, 0, 0, 0, 0, 0, 0, 0, 0, 0, 0, 0, 0, 0, 0, 0, 0, 0, 0,
        0, 0, 0, 0, 0, 0, 0, 0, 0, 0, 0, 0, 0, 0, 0, 0]) tensor([0, 0, 0, 0, 0, 6, 0, 0, 0, 0, 0, 0, 0, 0, 0, 0, 0, 0, 0, 0, 0, 0, 0, 0,
        0, 0, 0, 0, 0, 0, 0, 0, 0, 0, 0, 0, 0, 0, 0, 0])
tensor([0, 0]) tensor([0, 0])
tensor([0, 0, 0, 0, 0, 0, 0, 0, 0, 0, 0, 0, 0, 0, 0, 0, 0, 0, 0, 0, 0, 0, 0, 0,
        0, 0, 0, 0, 0, 0, 0, 0, 0, 0, 0, 0, 0, 0, 0, 0, 0, 0]) tensor([0, 0, 0, 0, 0, 0, 0, 0, 0, 0, 0, 0, 0, 0, 0, 0, 0, 0, 0, 0, 0, 0, 0, 0,
        0, 0, 0, 0, 0, 0, 0, 0, 0, 0, 0, 0, 0, 0, 0, 0, 0, 0])
tensor([0, 0]) tensor([0, 0])
tensor([0, 0, 0, 0, 0, 0, 0, 0, 0, 0, 0, 0, 0, 0, 0, 0, 0, 0, 0, 0, 0, 0, 0, 0,
        0, 0, 0, 0, 0, 0, 0, 0, 0, 0, 0, 0, 0, 0, 0, 0, 0]) tensor([0, 0, 0, 0, 0, 0, 1, 6, 0, 0, 0, 0, 4, 0, 0, 0, 0, 0, 0, 0, 0, 0, 0, 0,
        0, 0, 0, 0, 0, 0, 0, 0, 0, 0, 0, 0, 0, 0, 0, 0, 0])
tensor([0, 0]) tensor([0, 0])
tensor([0, 0, 0, 0, 0, 0, 0, 0, 0, 0, 0, 0, 0, 0, 0, 0, 0, 0, 0, 0, 0, 0, 0]) tensor([0, 0, 0, 0, 0, 0, 3, 0, 2, 0, 0, 0, 0, 0, 0, 0, 0, 0, 0, 0, 0, 0, 0])
tensor([0, 0]) tensor([0, 0])
tensor([0, 0, 0, 0, 0, 0, 0, 0, 0, 0, 0, 0, 0, 0, 0, 0]) tensor([0, 0, 0, 0, 0, 0, 0, 0, 0, 0, 0, 0, 0, 0, 0, 0])
tensor([0, 0]) tensor([0, 0])
tensor([0, 0, 0, 0, 0, 0, 0, 0, 0]) tensor([1, 0, 0, 0, 0, 0, 0, 0, 0])
tensor([0, 0, 0, 0, 0, 0, 0, 0, 0, 0, 0, 0]) tensor([2, 0, 0, 0, 0, 0, 5, 6, 0, 0, 0, 0])
tensor([0, 0]) tensor([0, 0])
tensor([0, 0, 0, 0, 0, 0, 0]) tensor([0, 0, 0, 0, 0, 0, 0])
tensor([0, 0, 0, 0]) tensor([0, 0, 0, 0])
tensor([0, 0]) tensor([0, 0])
tensor([0, 0, 0, 0, 0, 0, 0, 0, 0, 0, 0, 0, 0, 0, 0, 0, 0, 0, 0, 0, 0, 0]) tensor([0, 0, 0, 0, 0, 0, 0, 0, 0, 0, 0, 0, 0, 0, 0, 0, 0, 0, 5, 0, 0, 0])
tensor([0, 0]) tensor([0, 0])
tensor([0, 0, 0, 0, 0, 0, 0, 0, 0, 0, 0, 0, 0, 0, 0, 0, 0, 0, 0, 0, 0, 0, 0, 0]) tensor([0, 4, 0, 0, 6, 0, 0, 0, 0, 0, 5, 0, 0, 0, 0, 0, 0, 0, 0, 0, 0, 0, 0, 0])
tensor([0, 0, 0, 0, 0, 0, 0, 0, 0, 0, 0, 0, 0, 0, 0, 0, 0]) tensor([0, 0, 0, 0, 0, 0, 0, 0, 0, 0, 0, 0, 0, 4, 0, 0, 0])
tensor([0, 0]) tensor([0, 0])
tensor([0, 0, 0, 0, 0, 0]) tensor([0, 0, 0, 0, 0, 0])
tensor([0, 0]) tensor([0, 0])
tensor([0, 0, 0, 0, 0, 0, 0, 0, 0, 0, 0, 0, 0, 0]) tensor([0, 0, 4, 0, 0, 0, 0, 0, 0, 0, 1, 0, 0, 0])
tensor([0, 0]) tensor([0, 0])
tensor([0, 0, 0, 0, 0, 0, 0, 0, 0, 0, 0, 0, 0, 0, 0, 0, 0]) tensor([0, 0, 0, 0, 0, 0, 0, 0, 0, 0, 0, 0, 0, 0, 0, 0, 0])
tensor([0, 0]) tensor([0, 0])
tensor([0, 0, 0, 0, 0, 0, 0, 0, 0, 0, 0, 0, 0, 0, 0, 0]) tensor([0, 0, 0, 0, 0, 0, 0, 0, 0, 0, 0, 0, 0, 0, 0, 0])
tensor([0, 0]) tensor([0, 0])
tensor([0, 0, 0, 0, 0, 0, 0, 0, 0, 0, 0, 0, 0, 0, 0, 0, 0, 0, 0, 0, 0, 0, 0, 0,
        0, 0]) tensor([0, 0, 0, 0, 0, 0, 6, 0, 0, 0, 0, 0, 0, 0, 0, 0, 0, 3, 0, 0, 0, 0, 0, 0,
        4, 0])
tensor([0, 0, 0, 0, 0, 0, 0, 0, 0, 0, 0, 0, 0, 0, 0, 0, 0]) tensor([0, 0, 0, 0, 0, 0, 0, 0, 0, 0, 0, 0, 0, 0, 0, 0, 0])
tensor([0, 0]) tensor([0, 0])
tensor([0, 0, 0, 0, 0, 0, 0, 0, 0, 0, 0]) tensor([0, 0, 0, 0, 0, 0, 0, 0, 0, 0, 0])
tensor([0, 0, 0, 0, 0, 0, 0, 0, 0, 0, 0, 0, 0]) tensor([0, 0, 0, 0, 0, 0, 0, 0, 0, 0, 0, 0, 0])
tensor([0, 0]) tensor([0, 0])
tensor([0, 0, 0, 0, 0, 0, 0, 0, 0, 0, 0, 0, 0, 0, 0, 0, 0, 0, 0]) tensor([0, 0, 0, 0, 0, 0, 0, 0, 0, 0, 0, 0, 0, 0, 0, 0, 0, 0, 0])
tensor([0, 0, 0, 0, 0, 0, 0, 0, 0, 0, 0, 0, 0, 0, 0, 0, 0]) tensor([0, 0, 0, 1, 0, 0, 0, 2, 0, 0, 0, 4, 0, 0, 0, 3, 0])
tensor([0, 0]) tensor([0, 0])
tensor([0, 0, 0, 0, 0, 0, 0, 0, 0, 0, 0, 0, 0, 0, 0, 0, 0, 0, 0, 0, 0, 0, 0, 0,
        0, 0]) tensor([0, 0, 0, 0, 0, 0, 0, 0, 0, 0, 0, 0, 0, 0, 0, 0, 0, 0, 0, 0, 0, 0, 0, 2,
        1, 0])
tensor([0, 0, 0, 0, 0, 0]) tensor([0, 0, 0, 0, 0, 0])
tensor([0, 0, 0, 0]) tensor([5, 0, 5, 0])
tensor([0, 0, 0, 0]) tensor([0, 0, 3, 0])
tensor([0, 0, 0, 0, 0, 0, 0, 0, 0, 0, 0, 0, 0, 0, 0, 0, 0, 0, 0, 0, 0, 0, 0]) tensor([0, 5, 0, 6, 0, 0, 0, 0, 0, 0, 5, 3, 0, 0, 6, 0, 0, 0, 0, 0, 0, 5, 0])
tensor([0, 0, 0, 0, 0, 0, 0, 0, 0, 0, 0, 0, 0, 0, 0]) tensor([0, 0, 0, 0, 0, 0, 0, 0, 0, 0, 0, 0, 0, 0, 0])
tensor([0, 0, 0]) tensor([0, 0, 0])
tensor([0, 0, 0, 0, 0, 0, 0, 0, 0, 0, 0, 0, 0, 0, 0, 0, 0, 0, 0, 0, 0, 0, 0, 0,
        0, 0, 0, 0, 0, 0, 0, 0, 0, 0, 0, 0, 0, 0, 0, 0, 0]) tensor([0, 5, 6, 0, 0, 0, 0, 0, 0, 0, 0, 0, 0, 0, 0, 0, 0, 0, 0, 0, 0, 0, 0, 3,
        0, 0, 0, 0, 0, 0, 0, 0, 0, 0, 4, 0, 0, 4, 0, 0, 0])
tensor([0, 0]) tensor([0, 0])
tensor([0, 0, 0, 0, 0, 0, 0, 0]) tensor([0, 4, 6, 0, 0, 0, 0, 0])
tensor([0, 0, 0, 0]) tensor([5, 0, 0, 0])
tensor([0, 0]) tensor([0, 0])
tensor([0, 0, 0, 0, 0, 0, 0, 0, 0, 0, 0, 0, 0, 0, 0, 0, 0, 0, 0, 0, 0, 0, 0, 0,
        0, 0, 0, 0, 0, 0, 0, 0, 0, 0, 0, 0, 0, 0]) tensor([0, 6, 0, 5, 0, 0, 0, 0, 0, 0, 0, 0, 0, 0, 0, 0, 0, 0, 0, 0, 0, 0, 0, 0,
        0, 0, 0, 0, 0, 0, 0, 0, 0, 0, 3, 0, 0, 0])
tensor([0, 0]) tensor([0, 0])
tensor([0, 0, 0, 0, 0, 0, 0, 0, 0, 0, 0, 0, 0, 0, 0, 0, 0, 0, 0]) tensor([0, 0, 0, 0, 0, 0, 0, 0, 0, 0, 0, 0, 0, 0, 0, 0, 0, 0, 0])
tensor([0, 0]) tensor([0, 0])
tensor([0, 0, 0, 0, 0, 0, 0, 0, 0, 0, 0, 0, 0, 0, 0, 0, 0, 0, 0, 0]) tensor([0, 0, 0, 0, 0, 0, 0, 0, 0, 0, 0, 0, 0, 0, 0, 0, 0, 0, 0, 0])
tensor([0, 0, 0, 0, 0, 0, 0, 0, 0, 0, 0, 0, 0, 0, 0, 0, 0, 0, 0, 0, 0, 0, 0, 0]) tensor([0, 0, 0, 0, 0, 0, 0, 0, 0, 0, 0, 0, 0, 6, 0, 0, 0, 0, 0, 0, 0, 0, 0, 0])
tensor([0, 0]) tensor([0, 0])
tensor([0, 0, 0, 0, 0, 0, 0, 0, 0, 0, 0, 0, 0, 0, 0, 0, 0, 0, 0, 0, 0, 0, 0, 0,
        0, 0, 0, 0, 0, 0, 0, 0, 0, 0, 0, 0, 0, 0, 0, 0, 0, 0, 0, 0, 0, 0, 0, 0]) tensor([0, 0, 0, 0, 0, 0, 0, 5, 0, 0, 0, 0, 0, 0, 6, 0, 0, 0, 0, 0, 0, 0, 0, 0,
        0, 4, 0, 0, 0, 0, 0, 0, 0, 0, 0, 4, 0, 0, 0, 0, 0, 0, 0, 0, 0, 0, 4, 0])
tensor([0, 0]) tensor([0, 0])
tensor([0, 0, 0, 0, 0, 0, 0, 0, 0, 0, 0, 0, 0, 0, 0, 0, 0, 0, 0, 0, 0, 0, 0, 0,
        0, 0, 0, 0, 0, 0, 0, 0, 0, 0, 0]) tensor([0, 0, 0, 0, 0, 0, 0, 0, 0, 0, 0, 0, 0, 0, 0, 0, 0, 0, 0, 0, 0, 0, 0, 0,
        0, 0, 0, 6, 0, 0, 0, 0, 0, 0, 0])
tensor([0, 0, 0, 0, 0, 0, 0, 0, 0]) tensor([0, 0, 0, 0, 0, 0, 0, 0, 0])
tensor([0, 0, 0, 0, 0, 0, 0, 0, 0]) tensor([0, 0, 0, 0, 0, 0, 0, 0, 0])
tensor([0, 0, 0, 0, 0, 0]) tensor([0, 0, 0, 0, 0, 0])
tensor([0, 0, 0, 0]) tensor([0, 0, 0, 0])
tensor([0, 0, 0, 0]) tensor([0, 0, 0, 0])
tensor([0, 0, 0, 0, 0, 0, 0, 0, 0]) tensor([0, 0, 0, 0, 0, 0, 0, 0, 0])
tensor([0, 0, 0, 0, 0, 0, 0, 0, 0, 0, 0]) tensor([0, 0, 0, 0, 0, 0, 0, 0, 5, 0, 0])
tensor([0, 0, 0]) tensor([4, 3, 0])
tensor([0, 0, 0, 0, 0, 0, 0, 0, 0, 0, 0]) tensor([0, 2, 0, 0, 0, 4, 0, 0, 0, 0, 0])
tensor([0, 0, 0, 0, 0, 0, 0, 0, 0]) tensor([0, 0, 0, 0, 1, 0, 0, 0, 2])
tensor([0, 0, 0, 0, 0, 0]) tensor([0, 0, 6, 0, 0, 0])
tensor([0, 0, 0, 0, 0, 0]) tensor([0, 0, 0, 0, 0, 0])
tensor([0, 0, 0, 0, 0, 0, 0, 0, 0, 0, 0, 0, 0, 0, 0, 0]) tensor([0, 0, 0, 0, 6, 0, 0, 5, 0, 3, 0, 0, 0, 0, 0, 0])
tensor([0, 0, 0, 0, 0, 0, 0, 0, 0]) tensor([0, 0, 0, 0, 0, 0, 0, 0, 0])
tensor([0, 0, 0, 0]) tensor([0, 0, 0, 0])
tensor([0, 0]) tensor([0, 0])
tensor([0, 0, 0, 0, 0, 0, 0, 0, 0, 0, 0, 0]) tensor([0, 0, 5, 0, 0, 0, 0, 0, 0, 0, 0, 0])
tensor([0, 0, 0, 0, 0, 0, 0, 0, 0, 0, 0]) tensor([0, 5, 0, 0, 0, 0, 0, 0, 0, 6, 0])
tensor([0, 0, 0, 0, 0, 0, 0, 0, 0, 0, 0]) tensor([0, 0, 0, 0, 0, 0, 0, 0, 0, 0, 0])
tensor([0, 0]) tensor([0, 1])
tensor([0, 0]) tensor([0, 0])
tensor([0, 0, 0, 0, 0, 0, 0, 0, 0, 0, 0]) tensor([0, 0, 0, 0, 2, 0, 0, 0, 0, 6, 0])
tensor([0, 0, 0, 0, 0, 0, 0, 0, 0, 0, 0, 0, 0, 0]) tensor([0, 0, 0, 0, 0, 0, 0, 0, 1, 0, 0, 4, 0, 0])
tensor([0, 0, 0, 0, 0, 0, 0, 0, 0, 0, 0]) tensor([3, 0, 0, 0, 0, 0, 0, 0, 1, 6, 0])
tensor([0, 0]) tensor([5, 0])
tensor([0, 0, 0, 0, 0, 0, 0, 0, 0, 0, 0, 0]) tensor([0, 0, 0, 0, 0, 0, 0, 0, 0, 5, 0, 6])
tensor([0, 0, 0, 0, 0, 0]) tensor([0, 0, 0, 0, 0, 0])
tensor([0, 0, 0, 0, 0, 0, 0, 0, 0, 0, 0, 0, 0, 0]) tensor([0, 0, 0, 0, 0, 0, 5, 0, 0, 0, 0, 0, 0, 0])
tensor([0, 0, 0, 0, 0, 0, 0, 0, 0, 0, 0, 0]) tensor([0, 0, 0, 0, 0, 0, 0, 0, 0, 0, 0, 0])
tensor([0, 0, 0, 0, 0, 0, 0, 0, 0, 0, 0]) tensor([0, 0, 0, 3, 0, 0, 0, 0, 0, 0, 0])
tensor([0, 0]) tensor([0, 0])
tensor([0, 0, 0, 0, 0, 0, 0, 0, 0]) tensor([0, 0, 0, 0, 0, 0, 0, 0, 0])
tensor([0, 0, 0, 0, 0, 0, 0, 0, 0, 0, 0, 0]) tensor([0, 0, 0, 0, 0, 0, 0, 0, 0, 0, 0, 0])
tensor([0, 0, 0, 0, 0]) tensor([0, 0, 0, 0, 0])
tensor([0, 0, 0, 0, 0, 0, 0, 0, 0, 0]) tensor([0, 0, 0, 0, 0, 0, 0, 0, 0, 0])
tensor([0, 0, 0, 0, 0, 0, 0]) tensor([0, 0, 0, 0, 0, 0, 0])
tensor([0, 0, 0, 0, 0, 0]) tensor([0, 0, 0, 0, 0, 0])
tensor([0, 0, 0, 0, 0, 0, 0, 0, 0, 0, 0]) tensor([0, 0, 0, 0, 0, 0, 0, 0, 0, 0, 0])
tensor([0, 0, 0]) tensor([0, 0, 0])
tensor([0, 0, 0, 0, 0, 0, 0, 0, 0, 0, 0, 0, 0, 0, 0, 0, 0]) tensor([0, 0, 0, 0, 0, 0, 0, 0, 0, 0, 0, 0, 0, 4, 0, 0, 0])
tensor([0, 0, 0, 0, 0, 0, 0, 0]) tensor([0, 0, 0, 0, 0, 0, 0, 0])
tensor([0, 0, 0, 0, 0, 0, 0, 0]) tensor([0, 3, 0, 0, 0, 1, 0, 0])
tensor([0, 0, 0, 0, 0, 0, 0, 0, 0, 0, 0, 0, 0, 0, 0, 0]) tensor([6, 0, 0, 2, 0, 5, 0, 0, 0, 0, 0, 0, 0, 0, 0, 0])
tensor([0, 0, 0, 0]) tensor([0, 0, 0, 0])
tensor([0, 0, 0, 0, 0, 0, 0]) tensor([0, 0, 0, 0, 0, 0, 0])
tensor([0, 0, 0, 0, 0, 0, 0, 0, 0, 0, 0, 0, 0]) tensor([0, 0, 0, 0, 1, 0, 0, 0, 0, 0, 0, 0, 0])
tensor([0, 0, 0, 0, 0, 0, 0, 0, 0, 0]) tensor([0, 0, 0, 0, 0, 0, 0, 0, 0, 0])
tensor([0, 0, 0]) tensor([0, 0, 0])
tensor([0, 0, 0]) tensor([0, 0, 0])
tensor([0, 0, 0, 0, 0, 0]) tensor([0, 0, 0, 0, 0, 0])
tensor([0, 0, 0, 0]) tensor([0, 0, 0, 0])
tensor([0, 0, 0, 0, 0, 0, 0, 0, 0, 0, 0, 0, 0]) tensor([0, 0, 0, 0, 0, 0, 0, 0, 0, 0, 0, 0, 0])
tensor([0, 0, 0, 0]) tensor([0, 0, 0, 0])
tensor([0, 0, 0, 0, 0, 0, 0, 0]) tensor([0, 0, 0, 0, 0, 0, 0, 0])
tensor([0, 0, 0, 0, 0, 0, 0, 0, 0, 0]) tensor([0, 0, 0, 0, 0, 0, 0, 0, 0, 0])
tensor([0, 0, 0, 0, 0]) tensor([0, 0, 0, 0, 0])
tensor([0, 0, 0, 0, 0, 0, 0]) tensor([0, 4, 0, 0, 0, 0, 0])
tensor([0, 0, 0, 0, 0, 0, 0, 0, 0, 0, 0]) tensor([0, 0, 6, 0, 2, 0, 3, 0, 0, 0, 0])
tensor([0, 0, 0, 0, 0, 0, 0, 0, 0]) tensor([0, 0, 0, 0, 0, 0, 0, 0, 0])
tensor([0, 0, 0, 0, 0, 0, 0, 0, 0, 0, 0]) tensor([0, 0, 0, 0, 0, 0, 0, 6, 5, 0, 0])
tensor([0, 0, 0, 0, 0, 0, 0, 0, 0, 0, 0, 0, 0, 0, 0, 0]) tensor([0, 0, 0, 0, 0, 0, 0, 0, 0, 0, 2, 0, 0, 0, 6, 0])
tensor([0, 0, 0, 0, 0, 0, 0, 0, 0, 0, 0, 0, 0, 0]) tensor([0, 0, 0, 0, 0, 0, 0, 0, 0, 0, 5, 0, 0, 0])
tensor([0, 0, 0]) tensor([0, 6, 0])
tensor([0, 0, 0, 0, 0, 0, 0, 0, 0]) tensor([0, 0, 0, 0, 0, 0, 0, 0, 0])
tensor([0, 0, 0, 0, 0, 0, 0, 0, 0, 0, 0]) tensor([0, 0, 0, 0, 0, 0, 0, 0, 0, 0, 0])
tensor([0, 0]) tensor([0, 0])
tensor([0, 0, 0, 0, 0, 0, 0, 0, 0, 0, 0, 0, 0]) tensor([0, 0, 0, 0, 0, 0, 0, 1, 0, 0, 0, 0, 0])
tensor([0, 0, 0, 0, 0, 0, 0, 0, 0, 0, 0, 0, 0]) tensor([0, 0, 0, 0, 0, 0, 0, 0, 0, 0, 0, 0, 0])
tensor([0, 0, 0, 0, 0, 0, 0, 0, 0, 0]) tensor([0, 0, 0, 0, 0, 0, 0, 0, 0, 0])
tensor([0, 0, 0, 0]) tensor([0, 0, 0, 0])
tensor([0, 0, 0, 0, 0, 0]) tensor([0, 0, 0, 0, 0, 0])
tensor([0, 0, 0, 0, 0, 0, 0, 0, 0, 0]) tensor([0, 0, 0, 0, 0, 0, 0, 0, 0, 0])
tensor([0, 0]) tensor([0, 0])
tensor([0, 0, 0, 0, 0, 0, 0, 0, 0, 0, 0]) tensor([0, 0, 0, 4, 0, 4, 0, 3, 0, 0, 0])
tensor([0, 0, 0, 0, 0, 0, 0, 0, 0, 0, 0, 0, 0, 0, 0, 0]) tensor([0, 0, 0, 0, 0, 0, 0, 0, 0, 0, 0, 0, 0, 0, 0, 0])
tensor([0, 0, 0, 0, 0, 0, 0, 0, 0, 0]) tensor([0, 0, 0, 0, 0, 0, 0, 0, 0, 0])
tensor([0, 0, 0, 0, 0, 0]) tensor([4, 0, 0, 4, 0, 0])
tensor([0, 0, 0, 0, 0, 0, 0, 0]) tensor([3, 0, 0, 0, 0, 0, 0, 0])
tensor([0, 0, 0, 0, 0, 0]) tensor([0, 0, 0, 0, 0, 0])
tensor([0, 0, 0, 0, 0, 0, 0, 0, 0]) tensor([0, 0, 0, 0, 0, 0, 0, 0, 0])
tensor([0, 0, 0, 0, 0, 0, 0, 0, 0, 0]) tensor([5, 6, 0, 0, 0, 0, 6, 0, 5, 0])
tensor([0, 0, 0, 0, 0, 0, 0, 0]) tensor([0, 0, 6, 0, 0, 0, 0, 0])
tensor([0, 0]) tensor([2, 0])
tensor([0, 0, 0, 0, 0, 0, 0, 0, 0, 0, 0]) tensor([5, 0, 0, 0, 0, 0, 0, 6, 0, 0, 0])
tensor([0, 0, 0, 0, 0, 0, 0, 0, 0, 0, 0, 0, 0]) tensor([0, 0, 0, 0, 0, 0, 0, 0, 5, 0, 0, 0, 0])
tensor([0, 0, 0, 0, 0, 0, 0, 0, 0, 0, 0]) tensor([0, 6, 0, 0, 0, 0, 0, 0, 6, 0, 0])
tensor([0, 0]) tensor([5, 0])
tensor([0, 0, 0]) tensor([0, 0, 0])
tensor([0, 0, 0, 0, 0, 0]) tensor([0, 0, 0, 0, 0, 0])
tensor([0, 0, 0, 0, 0, 0, 0, 0, 0, 0, 0, 0, 0, 0]) tensor([0, 0, 0, 0, 0, 0, 0, 0, 0, 0, 0, 0, 0, 0])
tensor([0, 0]) tensor([0, 0])
tensor([0, 0, 0, 0]) tensor([0, 0, 0, 0])
tensor([0, 0]) tensor([0, 0])
tensor([0, 0, 0, 0, 0]) tensor([0, 0, 0, 0, 0])
tensor([0, 0, 0, 0, 0, 0, 0, 0, 0]) tensor([0, 0, 0, 0, 0, 0, 0, 0, 0])
tensor([0, 0, 0, 0, 0]) tensor([0, 0, 0, 0, 0])
tensor([0, 0, 0, 0, 0, 0, 0]) tensor([0, 0, 0, 0, 0, 0, 0])
tensor([0, 0, 0, 0, 0]) tensor([0, 0, 0, 0, 0])
tensor([0, 0, 0, 0, 0, 0, 0, 0, 0]) tensor([0, 0, 0, 0, 0, 0, 0, 0, 0])
tensor([0, 0, 0, 0, 0, 0, 0, 0, 0, 0, 0, 0]) tensor([0, 0, 0, 0, 0, 0, 0, 0, 0, 0, 0, 0])
tensor([0, 0, 0]) tensor([0, 0, 0])
tensor([0, 0, 0, 0, 0, 0, 0, 0, 0, 0, 0, 0]) tensor([0, 0, 0, 0, 0, 0, 0, 0, 0, 0, 0, 0])
tensor([0, 0, 0, 0, 0, 0, 0, 0, 0, 0, 0, 0]) tensor([0, 0, 0, 0, 0, 0, 0, 0, 0, 0, 0, 6])
tensor([0, 0, 0]) tensor([0, 0, 0])
tensor([0, 0, 0, 0, 0, 0, 0]) tensor([0, 0, 0, 0, 0, 0, 0])
tensor([0, 0, 0, 0, 0, 0, 0, 0, 0, 0, 0, 0, 0, 0, 0, 0]) tensor([0, 0, 0, 0, 0, 0, 0, 0, 0, 0, 0, 0, 0, 0, 0, 0])
tensor([0, 0, 0, 0, 0, 0, 0, 0, 0]) tensor([0, 0, 0, 0, 0, 0, 0, 0, 0])
tensor([0, 0, 0, 0]) tensor([0, 0, 0, 0])
tensor([0, 0, 0]) tensor([0, 0, 0])
tensor([0, 0, 0, 0, 0, 0, 0, 0, 0, 0, 0, 0]) tensor([0, 0, 0, 0, 0, 0, 0, 0, 0, 0, 0, 0])
tensor([0, 0, 0, 0, 0, 0, 0, 0, 0, 0, 0, 0]) tensor([0, 0, 0, 0, 0, 0, 0, 0, 0, 0, 0, 0])
tensor([0, 0, 0, 0, 0, 0, 0, 0, 0, 0, 0, 0]) tensor([0, 0, 0, 0, 0, 0, 0, 0, 0, 0, 0, 0])
tensor([0, 0]) tensor([0, 0])
tensor([0, 0, 0, 0, 0]) tensor([0, 0, 0, 0, 0])
tensor([0, 0, 0, 0, 0, 0, 0, 0, 0]) tensor([0, 0, 0, 0, 0, 0, 0, 0, 0])
tensor([0, 0, 0, 0, 0, 0, 0, 0, 0]) tensor([0, 0, 0, 0, 0, 0, 0, 0, 0])
tensor([0, 0, 0, 0, 0, 0]) tensor([0, 0, 0, 0, 0, 0])
tensor([0, 0, 0, 0, 0, 0, 0, 0, 0, 0, 0, 0, 0]) tensor([0, 0, 0, 0, 0, 0, 0, 0, 0, 0, 0, 0, 0])
tensor([0, 0, 0]) tensor([0, 0, 0])
tensor([0, 0, 0, 0, 0, 0, 0, 0, 0, 0, 0, 0, 0]) tensor([0, 0, 0, 0, 0, 0, 0, 0, 0, 0, 0, 0, 0])
tensor([0, 0, 0, 0, 0, 0, 0]) tensor([0, 0, 0, 0, 0, 0, 0])
tensor([0, 0, 0, 0, 0, 0, 0, 0, 0, 0, 0, 0, 0]) tensor([0, 0, 0, 0, 0, 0, 0, 0, 0, 0, 0, 0, 0])
tensor([0, 0]) tensor([0, 0])
tensor([0, 0, 0, 0]) tensor([0, 0, 0, 0])
tensor([0, 0, 0, 0, 0, 0, 0, 0, 0, 0]) tensor([0, 0, 0, 0, 0, 0, 0, 0, 0, 0])
tensor([0, 0, 0, 0, 0, 0, 0, 0, 0, 0, 0, 0]) tensor([0, 0, 0, 0, 0, 0, 0, 0, 0, 0, 0, 0])
tensor([0, 0, 0]) tensor([0, 0, 0])
tensor([0, 0, 0, 0, 0, 0, 0, 0, 0]) tensor([0, 0, 0, 0, 0, 0, 0, 0, 0])
tensor([0, 0, 0, 0, 0, 0, 0, 0, 0, 0, 0, 0, 0]) tensor([0, 0, 0, 0, 0, 0, 0, 0, 0, 0, 0, 0, 0])
tensor([0, 0, 0, 0, 0, 0]) tensor([0, 0, 0, 0, 0, 0])
tensor([0, 0, 0, 0, 0, 0, 0, 0, 0, 0]) tensor([0, 0, 0, 0, 0, 0, 0, 0, 0, 0])
tensor([0, 0, 0, 0, 0, 0, 0, 0]) tensor([0, 0, 0, 0, 0, 0, 0, 0])
tensor([0, 0, 0, 0, 0, 0]) tensor([0, 0, 0, 0, 0, 0])
tensor([0, 0, 0, 0, 0, 0, 0, 0, 0, 0, 0, 0]) tensor([0, 0, 0, 0, 0, 0, 0, 0, 0, 0, 0, 0])
tensor([0, 0, 0, 0]) tensor([0, 0, 0, 0])
tensor([0, 0, 0, 0, 0, 0, 0, 0, 0, 0, 0, 0, 0, 0, 0, 0, 0, 0]) tensor([0, 0, 0, 0, 0, 0, 0, 0, 0, 0, 0, 0, 0, 0, 0, 0, 0, 0])
tensor([0, 0]) tensor([0, 0])
tensor([0, 0, 0, 0, 0, 0, 0]) tensor([0, 0, 0, 0, 0, 0, 0])
tensor([0, 0, 0, 0, 0, 0, 0, 0]) tensor([0, 0, 0, 0, 0, 0, 0, 0])
tensor([0, 0, 0, 0, 0, 0, 0, 0, 0, 0, 0, 0, 0, 0, 0, 0, 0]) tensor([0, 0, 0, 0, 0, 0, 0, 0, 0, 0, 0, 0, 0, 0, 0, 0, 0])
tensor([0, 0, 0, 0, 0]) tensor([0, 0, 0, 0, 0])
tensor([0, 0, 0, 0, 0, 0, 0]) tensor([0, 0, 0, 0, 0, 0, 0])
tensor([0, 0, 0, 0, 0, 0, 0, 0, 0, 0, 0, 0, 0, 0]) tensor([0, 0, 0, 0, 0, 0, 0, 0, 0, 0, 0, 0, 0, 0])
tensor([0, 0, 0, 0, 0, 0, 0, 0, 0, 0, 0]) tensor([0, 0, 0, 0, 0, 0, 0, 0, 0, 0, 0])
tensor([0, 0, 0]) tensor([0, 0, 0])
tensor([0, 0, 0, 0]) tensor([0, 0, 0, 0])
tensor([0, 0, 0, 0, 0, 0]) tensor([0, 0, 0, 0, 0, 0])
tensor([0, 0, 0, 0]) tensor([0, 0, 0, 0])
tensor([0, 0, 0, 0, 0, 0, 0, 0, 0, 0, 0, 0, 0, 0]) tensor([0, 0, 0, 0, 0, 0, 0, 0, 0, 0, 0, 0, 0, 0])
tensor([0, 0, 0, 0, 0]) tensor([0, 0, 0, 0, 0])
tensor([0, 0, 0, 0, 0, 0, 0, 0]) tensor([0, 0, 0, 0, 0, 0, 0, 0])
tensor([0, 0, 0, 0, 0, 0, 0, 0, 0, 0, 0]) tensor([0, 0, 0, 0, 0, 0, 0, 0, 0, 0, 0])
tensor([0, 0, 0, 0, 0, 0]) tensor([0, 0, 0, 0, 0, 0])
tensor([0, 0, 0, 0, 0, 0, 0, 0]) tensor([0, 0, 0, 0, 0, 0, 0, 0])
tensor([0, 0, 0, 0, 0, 0, 0]) tensor([0, 0, 0, 0, 0, 0, 0])
tensor([0, 0, 0, 0, 0, 0]) tensor([0, 0, 0, 0, 0, 0])
tensor([0, 0, 0, 0, 0, 0, 0, 0, 0]) tensor([0, 0, 0, 0, 0, 0, 0, 0, 0])
tensor([0, 0, 0, 0, 0, 0, 0, 0, 0, 0, 0, 0]) tensor([0, 0, 0, 0, 0, 0, 0, 0, 0, 0, 0, 0])
tensor([0, 0, 0, 0, 0, 0, 0, 0, 0, 0, 0, 0, 0, 0, 0, 0, 0]) tensor([0, 0, 0, 0, 0, 0, 0, 0, 0, 0, 0, 0, 0, 0, 0, 0, 0])
tensor([0, 0, 0, 0, 0, 0, 0, 0, 0, 0, 0, 0, 0, 0]) tensor([0, 0, 0, 0, 0, 0, 0, 0, 0, 0, 0, 0, 0, 0])
tensor([0, 0, 0, 0]) tensor([0, 0, 0, 0])
tensor([0, 0, 0, 0, 0, 0, 0, 0, 0, 0]) tensor([0, 0, 0, 0, 0, 0, 0, 0, 0, 0])
(1.230170249729789, 'accuracy: ', tensor(0.9353), 'precision: ', 0.7749050873196659, 'Recall: ', 0.7540402819657799, 'F1-Score: ', 0.7643303185022442)

Process finished with exit code 0
